acre          = 4.046 873E+03
a             = 1.0E+02
b             = 1.0E-28
circular\ mil = 5.067075E-10
ha            = 1.0E+04
ft2           = 9.290304E-02
in2           = 6.4516E-04
mi2           = 2.589988E+06
yd2           = 8.361274E-01
